2629
3223
4119
5594
5760
7123
7125
7130
7767
7769
7820
7821
7822
7825
7826
7867
7868
7869
7870
7871
7904
8288
8289
8359
8364
8365
8774
8780
8781
8782
8977
9239
9289
9320
9435
9444
9462
9479
9481
9487
9488
10137
10240
10242
10653
10654
10945
11018
11030
11054
11096
11103
11323
11324
11402
11878
12054
12082
12510
12592
13634
13638
13647
13654
13664
13666
13673
13674
13694
13767
14760
14818
14926
14943
14961
15002
15814
15822
15823
15824
15840
15842
15864
15867
15877
15927
16097
16154
16156
16158
16605
16637
16679
19074
20453
20454
20469
20486
20496
20507
20508
20618
20621
20625
20627
20898
21338
21809
21875
21876
21884
21886
21994
21995
21996
21997
21998
21999
22300
22883
22890
22894
22896
22972
22985
22986
22990
22998
22999
23497
23498
24570
24585
24590
24602
24611
24695
24699
24774
24776
24789
24793
24879
24998
24999
25844
25981
25983
25987
25995
26086
26092
26220
26501
26505
26512
26535
26543
26549
26552
26553
26555
26556
26558
26564
26567
26579
26580
26581
26582
26584
26585
26587
26593
26594
26595
26599
26605
26738
26740
26748
26750
26751
26752
26753
26754
26755
26756
26757
26758
26759
26760
26761
26762
26763
26764
26766
26768
26769
26770
26771
26772
26773
26774
26775
26776
26777
26778
26779
26780
26781
26782
26783
26784
26785
26786
26787
26798
26809
26819
26827
26848
26859
26869
26895
26899
26980
26981
26983
26984
26985
26986
26987
26988
26989
26990
26991
26992
26993
26994
26995
26996
27000
27106
27272
27274
27278
27280
27290
27298
27311
27312
27313
27314
27315
27316
27317
27646
27648
27818
27990
27994
27998
28103
28104
28144
28145
28146
28147
28148
28149
28246
28648
28649
28650
28651
28653
28654
28655
28656
28658
28659
28660
28661
28663
28664
28665
28666
28667
28668
28802
28804
28805
28806
28807
28809
28810
28811
28812
28815
28820
28821
28824
28825
28826
28828
28830
28831
28833
28834
28836
28837
28838
28840
28841
28842
28844
28845
28846
28849
28850
28855
28857
28881
28882
28883
28884
28885
28886
28887
28888
28889
28890
28891
28892
28893
28894
28896
28897
28898
28899
28900
28901
28902
28903
28905
28906
28908
28909
28910
28911
28914
28915
28916
28917
28918
28919
28921
28922
28923
28924
28925
28926
28927
28929
28930
28931
28932
28933
28934
28935
28936
28937
28938
28939
28940
28942
28943
28945
28946
28947
28948
28949
28950
28951
28952
28957
28958
28959
28962
28963
28964
28965
28967
28968
28970
28971
28972
28973
28975
28976
28977
28978
28979
28980
28981
28982
28983
28984
28986
28987
28991
28992
28993
28994
28995
28996
28997
28998
29172
29174
30525
30526
30527
30528
30529
30530
30531
30534
30535
30536
30537
30538
30541
30542
30544
30545
30546
30547
30548
30549
30551
30555
30556
30557
30558
30559
30560
30562
30563
30564
30565
30566
30567
30568
30569
30570
30571
32100
32110
32531
56018
68195
68196
68197
68199
68217
86930
